⁸ xxx

10777171, 070000,1171771011707οὴ00770700011771111,0770. ·

Nun, 1177011077, 01707071000 071. 11.

10071707 07’ ¹,Fr‘oot 1., 11770 00 0170771711777007. 117.

1177717117, 0 0. 07, 00071001 007111771101771177.

10017711, 100, 00077 1170017700 0700771. 017 noi. 7, 1177701011 101
70. 00011000. 017 noi 1., 11177. 07 0007710 71 100770170007170 100.

1010107777, F. 1., 0770οι001. 07 1700707, 001707 00777177, Soron. 71
0177οο07107 07170771 110 not 7. ’

1010007010, Notae 70 171007110071. Irin 700177 07001οω10000-
7070 701 001. 17.

1071010000.ΡΡ.100010010 000 700.

1070711707 ΡΡ. Bibliothecae 00.

107770 , 107,, supplem. PP. 101.

10707011 01071071 (7 S. 1117717) 1010707707 10 7700177 7107070 ori
11777 100.

10707011 Mantuanos 77, 7117 S. 11111711 177101. 100, 100
1070711 1707710000 07, 117 lumin. 11701. 00, 0071010, 7770711οι 100,
117 077707770711007 71 lio. 7771710100, (1707707 animm 007.

1070711 Papae 1 Epinoion 001.

1070711 11. 1101710170 000.

1070711111. 001711. 700, 000. ·

107011, 10., 1117107177 0710771707 170.

1777717007 Papae 70, Epinoion 000.

1077770771, 00711, 0071017 0777771111. Apostolicorum ⁷9:

110711 0070170. 10, Epist. inconstantium 17000771. 7010070001ὅο x ,

10077, 10. 1107. 007, Epiri. 00 07717. mormannum 00 001. 7, 11710-
707ἰο11007 71 voro 771717 amancio,- 1117707οο777 1101 0017107011-
70010117110110. ·

107777, Am 707 077, 1070077 chryson. 770 7007170710 770 7777
1170771-7171707717017711100. · ·

1710101 1110707171 71177001071000077711117170017 110.

17771, Prin. 107,, 00, 0710701707 7770711. 177, 170.

1170,117.,3711107.117 117 0001101711 7710011111777107711070 070. ¹

170071711010711177777771007, 007710 17711077 00771077017071701.

17700717 00. 0070 00,00000707011717101107070 170, Ρο7111177 107,
110, Quod 00101070. 7117177 Filioque 07007071 701, Sermones 000.

’ 17007717 horrorem ’17701 07 7070. 717700. Domini 107.

1700717070. vorm 00, 1117111, 000. 70. 70, 0071010 70707-Χ
11707117 0071010717 770717 promotiones 170, 07017010117710707070
narr. 1007. 707, 117077. 10 enricum 10., 100011. 10 077000. 71
1100. Paulinus 110; 1000100707117177001007077101000 01070-
iio: 107111. 10 117771000οι 010, 0717007770101171010, De 07000

, 077001 170 17771100 01ος ὶ1117701707 117 777707οο117 007, 117 77-

nomentio 717, 007, De 0100117 enni. 8823 Semonon 011. ¹·

 

