XIV

.

clamenus ’.111 110101. 969.

0900909, 10, 65, 0619. 001. Bibliotheca 1²1². 00009 coteleriana 79,
1101090100 01119. 09 0001. 991 001 9, 110 010 60 S. 00011011Ι 990. 190
10010100 001 10 110 01 100 00010000 60 Sulpico 690010 996, vi· 60
90100 0000 10 01111000 600 100 00110000 999.

09009, 1909, 1100011111109. 0001. 10 (1010100. 11000. 11000101. 999. ,

0069000 0100099 06. 690000019099 0066.

000900919 Petam errores 1000000091197100. , ,

0009009909 Papae 1. 79, 160109. 60 0101100111. 010 Prospero 01 lii-
Ι10110 979 001. 6, 01100 1100. 6001010100 668.

000900990911. 1101099. 09 0001009101 ΙΠ. 668, 669.

0009009909 900000010601010 00000100 671 00. 1

009099, 10. 1900090. 01100. 91091. 79, 1111011011 0010111. 000, 99961. ,

0091009100οε 000. 0091909100. vd. 3111109110000, 0090000, 011009000111100,

0090190099, Pau„ 8000. 0099. 10 01010009. 11001. Epist. 911. 1

0090001009 99, 000. 0611. 790 901011. 006110009910011009910010-
100 919, De 0090 0110010. 0191101116, Regula 0100011100 617, nn».
0000190060110 661, 110 0001111. 10000010 taxanda 11.

0090000119, 00, 65, 1101001 110011 000. 79.

.00109019099,191000., 66. , SS. methodii, Amphilochii 09 Andreae 0109.
000. 67, 996, 000. S. 11011011 0111000001. 79, 986 009. 6, 990101. .
1911110111. ΡΡ. 76, origg. 09 101010 0000101911900100100 967 009,

0,910161901101.111.191.1911111.000,9111119100191.οο1110
0090110996.

communem. ¹

9111100110 tn ss. 91000011 111-111.

01000009009110010110100 0090010 SS. 1³1².'Scripta 997, 111

· plurium simul Ρο911101 01100 09 0011090 996, singulares 0010010091.
09 00100 999-999.

commodiani 95, vita 010. 999, 1009111099. 060. gentium 1100091,
100, 111. 101.

0001000690 9900900. 9001000. 091). 0001000110 159 sq.

0000011990 ’0. V. M„ vd. 1000100119. 0011000990.

cuneorum SS. Sen'ptur. 199. ¹

9000001910011011001, Ρο91001 90091010οἱ0 60 00 (1100001, ’101-
91111001, Cypriani, cyrilli 1110100. 60. 01100009, 1000000911, 1110 .
10110011, 90000601, Gregorii 11,, 1016011, 110600, Τ1006010111,.9010- ¹

10111 110010, nahmi 160011, 100010 001000,11000010910901101, .

’91100100 9001110910) 916-917. -
00000610101000000.011010.01110010117.
00009009909 1911000999. 901110 60 101000 namne. 996.
0000900909, Ge„ Dionysii 9100000. 000. 611 001. 6, ,ι “ ”
0000900910 imperatorie ’10000 996 009 1.
0000990900ιο 9000090100 991.

 

